vesselCount = 48
UT = 60042911.114760198
gameMode = CAREER
gameNull = False
gameCompatible = True
funds = 8864769.9596032705
science = 4517
reputationPercent = 98
ongoingContracts = 2
saveMD5 = 389516b0e823a467e9b77cfd2ba1d23b
