saveMD5 = 3f4ef9217c47e2e7c8083a86e9d35c5b
vesselCount = 17
UT = 7399606.6328949397
gameMode = CAREER
gameNull = False
gameCompatible = True
funds = 4346393.2658534404
science = 131
reputationPercent = 72
ongoingContracts = 8
saveMD5 = 3f4ef9217c47e2e7c8083a86e9d35c5b
