saveMD5 = 906a568e79a0f14af6475c155c20322f
vesselCount = 33
UT = 31887292.87177173
gameMode = CAREER
gameNull = False
gameCompatible = True
funds = 8357130.6421930697
science = 578
reputationPercent = 81
ongoingContracts = 4
saveMD5 = 906a568e79a0f14af6475c155c20322f
