saveMD5 = 6e2c19d5163fd9307d13cb1fb27e1a32
vesselCount = 23
UT = 74196303.825091094
gameMode = CAREER
gameNull = False
gameCompatible = True
funds = 9826314.8776155598
science = 556
reputationPercent = 98
ongoingContracts = 3
saveMD5 = 6e2c19d5163fd9307d13cb1fb27e1a32
