saveMD5 = 83610440c1bed1ad466d3346305cdc2b
vesselCount = 23
UT = 74196303.825091094
gameMode = CAREER
gameNull = False
gameCompatible = True
funds = 9826314.8776155598
science = 556
reputationPercent = 98
ongoingContracts = 3
saveMD5 = 83610440c1bed1ad466d3346305cdc2b
