saveMD5 = 82bc9b5f0536ed8d12684dba94f063a5
vesselCount = 7
UT = 1445006.7501429876
gameMode = CAREER
gameNull = False
gameCompatible = True
funds = 1831369.7744842404
science = 49
reputationPercent = 41
ongoingContracts = 6
saveMD5 = 82bc9b5f0536ed8d12684dba94f063a5
