saveMD5 = 781157d2505126e371f4c639fefdacc5
vesselCount = 1
UT = 99680.860511537147
gameMode = CAREER
gameNull = False
gameCompatible = True
funds = 770394.13318133412
science = 55
reputationPercent = 22
ongoingContracts = 3
saveMD5 = 781157d2505126e371f4c639fefdacc5
