saveMD5 = 7ebb803853aa2490042c16efca7ddbfa
vesselCount = 30
UT = 73900703.906070158
gameMode = CAREER
gameNull = False
gameCompatible = True
funds = 4642630.2796745729
science = 516
reputationPercent = 75
ongoingContracts = 2
saveMD5 = 7ebb803853aa2490042c16efca7ddbfa
