saveMD5 = 49bc99e6e4d366f42b515ae266068c2b
vesselCount = 5
UT = 1439086.7022733164
gameMode = CAREER
gameNull = False
gameCompatible = True
funds = 1491875.5510097817
science = 26
reputationPercent = 38
ongoingContracts = 8
saveMD5 = 49bc99e6e4d366f42b515ae266068c2b
