saveMD5 = 8039483294922c25250644d248072f0b
vesselCount = 2
UT = 122908.63647912088
gameMode = CAREER
gameNull = False
gameCompatible = True
funds = 1101518.5820774697
science = 31
reputationPercent = 26
ongoingContracts = 1
saveMD5 = 8039483294922c25250644d248072f0b
