saveMD5 = 4c0417ea33d09db5f0896b05986e3c71
vesselCount = 7
UT = 2006913.0890370905
gameMode = CAREER
gameNull = False
gameCompatible = True
funds = 3051214.9976749113
science = 71
reputationPercent = 55
ongoingContracts = 5
saveMD5 = 4c0417ea33d09db5f0896b05986e3c71
