saveMD5 = 376acf0bd4f7fb5ec3807ada6c811283
vesselCount = 10
UT = 2319757.2664742735
gameMode = CAREER
gameNull = False
gameCompatible = True
funds = 3654749.0491878614
science = 121
reputationPercent = 60
ongoingContracts = 2
saveMD5 = 376acf0bd4f7fb5ec3807ada6c811283
