saveMD5 = 787d88bbe0d7f004da5c850b0df4e620
vesselCount = 5
UT = 1564427.8059979836
gameMode = CAREER
gameNull = False
gameCompatible = True
funds = 2494656.1947723199
science = 12
reputationPercent = 49
ongoingContracts = 3
saveMD5 = 787d88bbe0d7f004da5c850b0df4e620
