saveMD5 = 584bbd988d158efbb9b8227dcf4c612b
vesselCount = 14
UT = 39350291.311631799
gameMode = CAREER
gameNull = False
gameCompatible = True
funds = 3328497.4640404005
science = 109
reputationPercent = 67
ongoingContracts = 2
saveMD5 = 584bbd988d158efbb9b8227dcf4c612b
