saveMD5 = 461dd8764411bc5f7cb7e8e9cd80d5a2
vesselCount = 4
UT = 1458181.7839811777
gameMode = CAREER
gameNull = False
gameCompatible = True
funds = 2569814.2922813869
science = 75
reputationPercent = 46
ongoingContracts = 3
saveMD5 = 461dd8764411bc5f7cb7e8e9cd80d5a2
