saveMD5 = 6dc85d27aaf98b5487f4be5311f26b41
vesselCount = 0
UT = 1555.7244189444066
gameMode = CAREER
gameNull = False
gameCompatible = True
funds = 213366.95594978333
science = 60
reputationPercent = 5
ongoingContracts = 0
saveMD5 = 6dc85d27aaf98b5487f4be5311f26b41
