saveMD5 = 175034d368c2284298f56c8e609b2b6a
vesselCount = 0
UT = 417.4399999999103
gameMode = CAREER
gameNull = False
gameCompatible = True
funds = 123453.79334831238
science = 14
reputationPercent = 1
ongoingContracts = 1
saveMD5 = 175034d368c2284298f56c8e609b2b6a
