saveMD5 = 7d86244d9666f816fc7dead88a7da961
vesselCount = 27
UT = 64934484.107850701
gameMode = CAREER
gameNull = False
gameCompatible = True
funds = 2816485.4331555618
science = 364
reputationPercent = 74
ongoingContracts = 4
saveMD5 = 7d86244d9666f816fc7dead88a7da961
