saveMD5 = 39daaac6ca3bfadaa307ce103731dac9
vesselCount = 7
UT = 2032498.7652274829
gameMode = CAREER
gameNull = False
gameCompatible = True
funds = 3019365.0054874113
science = 76
reputationPercent = 55
ongoingContracts = 4
saveMD5 = 39daaac6ca3bfadaa307ce103731dac9
