saveMD5 = 2d4aa5585daaf7b75983d3826a077797
vesselCount = 17
UT = 38978299.129735291
gameMode = CAREER
gameNull = False
gameCompatible = True
funds = 3039368.9427907858
science = 109
reputationPercent = 65
ongoingContracts = 3
saveMD5 = 2d4aa5585daaf7b75983d3826a077797
