saveMD5 = 581b0dcded369e197ab4a78f125b86d4
vesselCount = 6
UT = 1480187.4506090675
gameMode = CAREER
gameNull = False
gameCompatible = True
funds = 2177645.1672813869
science = 75
reputationPercent = 46
ongoingContracts = 3
saveMD5 = 581b0dcded369e197ab4a78f125b86d4
