saveMD5 = 0465bc6dbbcd9f946c4ec61ac0584515
vesselCount = 5
UT = 1440522.2901586422
gameMode = CAREER
gameNull = False
gameCompatible = True
funds = 1492275.5510097817
science = 26
reputationPercent = 38
ongoingContracts = 8
saveMD5 = 0465bc6dbbcd9f946c4ec61ac0584515
