saveMD5 = 75b777d19acdf1510c2aea1c76b89147
vesselCount = 13
UT = 3267784.3839875995
gameMode = CAREER
gameNull = False
gameCompatible = True
funds = 3734575.9510213118
science = 69
reputationPercent = 61
ongoingContracts = 1
saveMD5 = 75b777d19acdf1510c2aea1c76b89147
