saveMD5 = 1663e08003ccfa421bdece2b164b2b7a
vesselCount = 10
UT = 2319714.1464742334
gameMode = CAREER
gameNull = False
gameCompatible = True
funds = 3654749.0491878614
science = 121
reputationPercent = 60
ongoingContracts = 2
saveMD5 = 1663e08003ccfa421bdece2b164b2b7a
