saveMD5 = 8931f43d738acc7aca98c70108265e52
vesselCount = 2
UT = 97329.656917389235
gameMode = CAREER
gameNull = False
gameCompatible = True
funds = 452929.47347800259
science = 41
reputationPercent = 19
ongoingContracts = 3
saveMD5 = 8931f43d738acc7aca98c70108265e52
