saveMD5 = 033fa71747d4e49d22881ed4ed768091
vesselCount = 7
UT = 2026595.5452219851
gameMode = CAREER
gameNull = False
gameCompatible = True
funds = 3019365.0054874113
science = 76
reputationPercent = 55
ongoingContracts = 4
saveMD5 = 033fa71747d4e49d22881ed4ed768091
