saveMD5 = 03ed84511f4b00bd445ecfd423331c9e
vesselCount = 28
UT = 64618843.427606732
gameMode = CAREER
gameNull = False
gameCompatible = True
funds = 2512589.9945645584
science = 170
reputationPercent = 73
ongoingContracts = 7
saveMD5 = 03ed84511f4b00bd445ecfd423331c9e
