saveMD5 = 05fe7f2d9aa68701d10ebd19cb00ad52
vesselCount = 21
UT = 60430304.684484705
gameMode = CAREER
gameNull = False
gameCompatible = True
funds = 4412407.3673084807
science = 14
reputationPercent = 69
ongoingContracts = 3
saveMD5 = 05fe7f2d9aa68701d10ebd19cb00ad52
