saveMD5 = 62b7d1e4a1218ec018ec51598ee74298
vesselCount = 5
UT = 1564345.1859979066
gameMode = CAREER
gameNull = False
gameCompatible = True
funds = 2494656.1947723199
science = 12
reputationPercent = 49
ongoingContracts = 3
saveMD5 = 62b7d1e4a1218ec018ec51598ee74298
