saveMD5 = 8ccf410276adb2d3c67af400f471ed2d
vesselCount = 15
UT = 10139988.346246228
gameMode = CAREER
gameNull = False
gameCompatible = True
funds = 2239748.0161740016
science = 59
reputationPercent = 62
ongoingContracts = 1
saveMD5 = 8ccf410276adb2d3c67af400f471ed2d
