saveMD5 = 4d1209345d55584c3bc7fa00da026f93
vesselCount = 15
UT = 10139988.346246228
gameMode = CAREER
gameNull = False
gameCompatible = True
funds = 2239748.0161740016
science = 59
reputationPercent = 62
ongoingContracts = 1
saveMD5 = 4d1209345d55584c3bc7fa00da026f93
